P 396 2008 426 2042 0
R 455 2008 490 2041 0
E 517 2008 547 2043 0
F 575 2001 603 2043 0
A 630 2008 668 2041 0
C 693 2008 724 2042 0
E 752 2008 781 2043 0
. 786 2010 794 2018 0
v 1065 2011 1089 2033 0
l 69 1910 81 1948 0
a 85 1910 106 1934 0
ﬁ 110 1911 142 1948 0
m 164 1912 203 1935 0
e 206 1912 227 1935 0
n 231 1912 258 1935 0
t 261 1912 277 1941 0
i 281 1913 291 1950 0
o 295 1913 320 1936 0
n 324 1912 349 1935 0
e 352 1913 374 1935 0
d 377 1913 402 1948 0
, 406 1903 418 1920 0
a 449 1913 472 1935 0
n 476 1914 503 1936 0
d 506 1914 531 1948 0
a 562 1913 585 1936 0
ﬂ 589 1913 618 1949 0
i 612 1913 632 1949 0
ﬂ 634 1913 664 1950 0
e 667 1912 687 1937 0
d 691 1914 718 1949 0
b 752 1913 778 1949 0
y 781 1901 805 1936 0
p 829 1901 855 1937 0
r 858 1915 875 1938 0
o 877 1915 902 1938 0
f 904 1915 926 1951 0
e 923 1914 944 1938 0
ﬁ 948 1914 978 1951 0
i 973 1914 992 1951 0
o 994 1914 1018 1938 0
n 1021 1915 1048 1938 0
a 1051 1915 1072 1938 0
l 1075 1915 1089 1952 0
i 74 1850 85 1885 0
n 90 1850 117 1874 0
f 121 1851 143 1888 0
o 139 1851 163 1874 0
r 167 1851 184 1875 0
m 189 1851 225 1875 0
a 230 1852 252 1875 0
t 258 1853 272 1881 0
i 278 1852 288 1888 0
o 292 1852 316 1876 0
n 320 1853 347 1875 0
a 368 1853 393 1876 0
n 396 1854 420 1877 0
d 425 1852 452 1888 0
a 473 1852 494 1876 0
d 499 1852 524 1888 0
v 529 1852 552 1875 0
i 558 1853 567 1889 0
c 573 1853 593 1877 0
e 596 1853 617 1876 0
. 622 1853 631 1862 0
I 133 1726 151 1762 0
n 154 1727 181 1750 0
r 214 1728 230 1752 0
u 234 1727 262 1751 0
n 267 1728 292 1751 0
n 297 1728 324 1751 0
i 329 1727 338 1764 0
n 344 1727 366 1750 0
g 373 1713 398 1751 0
o 428 1728 454 1751 0
v 458 1726 483 1751 0
e 486 1728 507 1751 0
r 511 1729 529 1752 0
t 560 1727 575 1756 0
h 579 1728 604 1764 0
e 608 1727 630 1751 0
d 662 1727 687 1763 0
e 691 1727 712 1750 0
f 717 1728 740 1764 0
c 735 1727 755 1750 0
r 760 1728 776 1751 0
i 780 1728 788 1764 0
p 795 1714 820 1751 0
t 825 1728 838 1754 0
i 843 1728 852 1764 0
v 860 1728 884 1751 0
e 887 1729 909 1751 0
p 931 1714 957 1751 0
a 960 1729 980 1751 0
r 987 1728 1003 1752 0
t 1007 1729 1023 1759 0
o 1054 1729 1078 1752 0
f 1080 1728 1102 1766 0
t 77 1662 93 1692 0
h 96 1663 121 1699 0
e 127 1664 148 1688 0
L 163 1665 199 1701 0
e 203 1666 223 1689 0
t 228 1666 242 1694 0
t 245 1665 261 1695 0
e 265 1665 286 1688 0
r 290 1666 307 1689 0
s 311 1666 327 1689 0
, 333 1656 343 1672 0
t 360 1666 377 1693 0
h 380 1666 404 1702 0
e 409 1666 430 1689 0
R 450 1665 488 1701 0
e 492 1665 513 1689 0
a 517 1666 538 1690 0
d 542 1665 566 1701 0
e 570 1666 591 1689 0
r 595 1665 612 1688 0
W 633 1664 672 1688 0
i 678 1665 688 1701 0
l 692 1664 704 1702 0
l 709 1665 720 1701 0
ﬁ 742 1665 771 1702 0
n 775 1665 800 1688 0
d 804 1665 829 1700 0
i 847 1664 856 1700 0
t 862 1665 879 1695 0
c 900 1664 921 1688 0
o 923 1665 947 1687 0
n 951 1665 975 1688 0
v 981 1665 1004 1687 0
e 1009 1665 1030 1688 0
n 1035 1665 1059 1688 0
i 1065 1665 1074 1701 0
- 1079 1672 1097 1678 0
e 77 1601 100 1625 0
n 103 1603 130 1626 0
t 135 1604 149 1633 0
t 172 1604 187 1632 0
o 191 1605 215 1628 0
r 236 1605 252 1628 0
e 257 1605 276 1627 0
m 283 1605 320 1627 0
e 325 1605 346 1627 0
m 351 1605 390 1627 0
b 395 1605 418 1640 0
e 422 1605 444 1628 0
r 449 1605 466 1627 0
, 469 1595 480 1612 0
t 513 1605 527 1633 0
h 531 1605 556 1641 0
a 562 1605 583 1627 0
t 589 1605 603 1633 0
a 621 1604 641 1626 0
l 647 1604 657 1640 0
t 664 1604 677 1633 0
e 682 1604 702 1627 0
r 707 1604 725 1627 0
a 728 1604 749 1626 0
t 754 1604 768 1632 0
i 774 1605 781 1640 0
o 787 1604 810 1627 0
n 814 1604 839 1626 0
s 844 1604 859 1626 0
, 864 1595 876 1612 0
a 907 1604 927 1626 0
s 932 1603 948 1626 0
ﬁ 971 1605 1002 1641 0
a 1005 1605 1028 1627 0
t 1033 1605 1045 1631 0
e 1051 1606 1069 1627 0
d 1074 1604 1099 1639 0
i 82 1539 91 1576 0
n 98 1539 124 1562 0
t 146 1541 161 1570 0
h 166 1541 190 1577 0
e 196 1542 215 1564 0
P 236 1541 267 1577 0
o 272 1541 295 1564 0
f 299 1542 316 1579 0
t 314 1542 329 1579 0
f 334 1541 356 1578 0
c 351 1541 370 1564 0
r 374 1541 392 1564 0
i 397 1542 405 1577 0
p 412 1528 436 1564 0
t 441 1542 455 1570 0
, 460 1532 471 1548 0
h 502 1541 527 1577 0
a 533 1541 552 1564 0
v 560 1540 584 1564 0
e 588 1541 609 1565 0
b 643 1540 669 1576 0
e 673 1541 694 1563 0
e 697 1540 718 1563 0
n 724 1540 750 1563 0
m 773 1541 812 1563 0
a 818 1541 838 1563 0
d 843 1541 867 1577 0
e 871 1542 893 1564 0
, 897 1532 908 1549 0
t 940 1541 956 1568 0
h 960 1541 982 1578 0
o 988 1541 1013 1564 0
u 1017 1541 1041 1564 0
g 1048 1528 1071 1564 0
h 1075 1542 1099 1578 0
h 83 1478 109 1513 0
e 113 1478 135 1501 0
n 167 1479 194 1502 0
e 198 1479 218 1502 0
e 222 1480 242 1503 0
d 246 1479 271 1515 0
n 294 1480 320 1503 0
o 325 1480 348 1502 0
t 352 1479 365 1508 0
a 389 1480 410 1502 0
t 416 1480 431 1510 0
t 455 1480 470 1508 0
h 474 1479 497 1515 0
a 503 1480 524 1502 0
t 530 1480 544 1508 0
p 579 1466 604 1502 0
e 607 1479 627 1502 0
r 632 1479 649 1502 0
i 654 1479 662 1514 0
o 667 1479 691 1503 0
d 694 1478 718 1514 0
t 755 1478 769 1505 0
r 775 1478 789 1501 0
o 793 1478 816 1501 0
u 820 1478 846 1501 0
b 853 1478 878 1513 0
l 882 1478 893 1515 0
e 897 1478 918 1501 0
h 940 1479 965 1514 0
i 972 1479 980 1515 0
m 990 1479 1026 1501 0
f 1033 1478 1055 1515 0
e 1049 1479 1069 1501 0
l 1073 1478 1083 1515 0
f 1087 1479 1110 1516 0
W 82 1415 123 1439 0
i 129 1416 137 1452 0
t 143 1416 155 1444 0
h 161 1416 187 1452 0
c 228 1417 249 1440 0
o 251 1416 275 1440 0
n 279 1416 304 1440 0
f 309 1417 326 1454 0
i 324 1417 336 1454 0
d 341 1416 364 1452 0
e 368 1415 388 1439 0
r 393 1417 409 1440 0
i 414 1417 421 1452 0
n 428 1416 454 1439 0
g 459 1402 483 1438 0
w 524 1417 561 1440 0
h 566 1416 591 1452 0
a 596 1417 617 1439 0
t 624 1416 637 1443 0
t 663 1416 678 1445 0
h 683 1416 707 1452 0
e 712 1416 732 1438 0
y 736 1402 761 1437 0
a 783 1416 804 1438 0
r 810 1417 826 1438 0
e 829 1415 850 1438 0
: 866 1415 873 1437 0
ﬁ 923 1415 949 1452 0
n 955 1415 979 1438 0
c 986 1416 1006 1439 0
e 1010 1416 1032 1439 0
i 1064 1416 1072 1452 0
n 1078 1416 1105 1439 0
e 86 1354 108 1377 0
i 113 1354 123 1390 0
t 129 1355 143 1383 0
h 146 1355 172 1391 0
e 176 1354 197 1378 0
r 201 1355 218 1378 0
ﬂ 238 1355 267 1392 0
m 266 1354 306 1379 0
p 311 1342 337 1378 0
e 340 1355 361 1377 0
t 399 1356 412 1383 0
h 417 1355 440 1391 0
e 446 1355 468 1377 0
d 490 1355 515 1390 0
e 518 1346 539 1378 0
t 544 1355 557 1383 0
a 562 1355 583 1377 0
i 589 1356 597 1391 0
l 605 1356 614 1392 0
s 619 1355 635 1377 0
w 677 1355 716 1378 0
i 723 1354 730 1389 0
l 739 1354 749 1390 0
l 755 1354 764 1390 0
f 789 1354 811 1391 0
e 806 1354 826 1376 0
r 831 1354 847 1376 0
v 852 1353 875 1376 0
e 880 1354 901 1377 0
e 938 1353 960 1375 0
q 964 1340 990 1376 0
u 992 1354 1018 1378 0
a 1025 1354 1046 1376 0
l 1052 1355 1062 1391 0
l 1067 1355 1076 1390 0
y 1081 1341 1106 1376 0
W 90 1293 131 1317 0
e 134 1294 154 1316 0
l 158 1294 169 1330 0
l 176 1295 186 1331 0
f 208 1294 231 1331 0
o 226 1294 249 1317 0
r 255 1294 271 1317 0
t 293 1295 307 1322 0
h 311 1294 337 1330 0
e 342 1294 363 1316 0
i 387 1294 395 1330 0
l 401 1294 411 1331 0
l 418 1295 426 1331 0
u 434 1294 457 1317 0
ﬁ 464 1294 493 1330 0
r 497 1294 515 1317 0
a 518 1295 537 1317 0
t 545 1295 557 1322 0
i 563 1294 571 1329 0
o 578 1295 601 1317 0
n 605 1294 629 1316 0
o 652 1293 676 1316 0
f 679 1294 702 1330 0
t 716 1294 731 1322 0
h 736 1293 760 1329 0
e 765 1295 786 1317 0
g 812 1280 835 1316 0
e 838 1294 858 1316 0
n 863 1295 887 1317 0
e 893 1295 912 1317 0
r 918 1294 934 1316 0
a 938 1294 958 1316 0
l 965 1295 975 1331 0
p 999 1281 1024 1316 0
r 1028 1294 1044 1316 0
i 1050 1294 1057 1330 0
n 1065 1295 1087 1317 0
- 1092 1301 1111 1307 0
c 91 1229 112 1253 0
i 117 1231 126 1266 0
p 132 1217 156 1253 0
l 160 1232 169 1267 0
e 176 1231 197 1254 0
, 202 1222 212 1239 0
a 242 1232 264 1254 0
n 270 1232 294 1254 0
d 300 1232 324 1266 0
f 348 1232 370 1268 0
o 365 1232 388 1254 0
r 394 1232 410 1255 0
t 433 1233 447 1259 0
h 452 1231 477 1267 0
e 481 1232 501 1254 0
p 526 1218 549 1254 0
r 553 1232 569 1255 0
o 573 1233 595 1254 0
o 599 1231 622 1254 0
f 626 1232 647 1268 0
o 671 1232 694 1254 0
f 698 1232 720 1268 0
t 751 1231 765 1259 0
h 772 1231 794 1267 0
e 799 1231 820 1254 0
a 855 1230 876 1254 0
d 881 1231 905 1266 0
v 911 1230 936 1253 0
a 940 1231 960 1253 0
n 966 1231 991 1253 0
t 998 1231 1011 1259 0
a 1015 1231 1036 1253 0
g 1042 1217 1064 1254 0
e 1067 1232 1087 1254 0
s 1091 1231 1107 1254 0
t 93 1166 108 1194 0
h 112 1167 138 1203 0
a 143 1167 161 1189 0
t 169 1168 182 1195 0
m 203 1168 238 1190 0
a 244 1168 265 1190 0
y 270 1154 294 1190 0
b 320 1168 345 1204 0
e 349 1168 369 1190 0
d 391 1169 415 1204 0
e 419 1169 439 1191 0
r 444 1169 462 1191 0
i 467 1167 475 1203 0
v 483 1167 506 1190 0
e 510 1168 531 1191 0
d 535 1167 558 1203 0
f 581 1168 601 1204 0
r 600 1168 616 1190 0
o 619 1168 642 1190 0
m 648 1167 685 1190 0
i 711 1167 719 1203 0
t 727 1168 740 1195 0
. 746 1168 753 1174 0
I 154 1045 171 1082 0
n 176 1045 201 1067 0
W 233 1045 273 1068 0
h 276 1045 302 1081 0
a 307 1046 329 1068 0
t 335 1046 349 1074 0
c 386 1046 406 1069 0
o 409 1046 432 1069 0
n 437 1045 461 1068 0
c 467 1044 487 1067 0
e 491 1045 510 1068 0
r 517 1045 532 1068 0
n 536 1044 560 1068 0
s 565 1044 581 1067 0
t 619 1044 634 1072 0
h 638 1044 661 1080 0
e 668 1044 688 1068 0
P 724 1044 755 1080 0
e 761 1044 781 1067 0
n 786 1045 809 1067 0
i 816 1045 825 1081 0
t 832 1045 843 1074 0
e 849 1044 870 1066 0
n 875 1045 900 1067 0
t 905 1046 919 1074 0
i 925 1045 934 1080 0
a 940 1045 960 1067 0
r 966 1046 983 1068 0
y 985 1031 1011 1067 0
f 1032 1045 1057 1082 0
y 1050 1031 1072 1067 0
f 1078 1046 1094 1081 0
l 1091 1052 1114 1082 0
t 100 987 115 1015 0
c 119 986 140 1009 0
m 145 986 182 1008 0
, 189 976 199 992 0
I 230 985 247 1021 0
m 287 985 324 1008 0
a 330 985 351 1008 0
y 355 971 379 1007 0
b 404 986 427 1021 0
e 431 985 453 1008 0
o 475 985 499 1008 0
b 504 985 527 1019 0
f 532 984 555 1021 0
e 549 984 569 1006 0
r 575 984 591 1007 0
v 597 984 619 1006 0
c 623 984 642 1006 0
d 647 983 671 1018 0
t 695 985 708 1012 0
o 713 984 738 1007 0
h 761 985 783 1019 0
a 790 986 809 1007 0
v 816 984 839 1006 0
e 843 983 863 1006 0
d 901 984 925 1020 0
i 932 985 939 1019 0
f 946 984 968 1021 0
c 963 984 983 1007 0
t 988 985 1003 1007 0
i 1001 985 1012 1007 0
ﬁ 1020 984 1048 1021 0
b 1048 985 1072 1020 0
c 1076 985 1091 1006 0
l 1091 973 1099 1019 0
, 1105 975 1115 991 0
w 100 925 138 947 0
i 145 924 153 959 0
t 161 924 174 951 0
h 179 923 205 959 0
r 227 923 244 946 0
a 247 924 267 945 0
t 273 923 287 950 0
h 292 923 315 959 0
e 321 923 343 945 0
r 347 923 364 945 0
m 379 922 415 945 0
o 421 923 445 945 0
r 449 923 466 945 0
e 469 922 489 945 0
f 508 922 529 959 0
r 527 923 543 945 0
e 546 922 565 944 0
e 570 921 591 945 0
d 596 922 618 957 0
o 622 921 646 944 0
m 652 921 689 944 0
t 710 922 724 950 0
h 729 922 752 957 0
a 758 922 780 944 0
n 786 923 810 945 0
m 831 922 868 944 0
a 875 923 894 945 0
y 900 910 923 945 0
p 943 909 968 945 0
e 973 924 992 946 0
r 998 924 1014 945 0
h 1019 923 1041 959 0
a 1047 923 1067 946 0
p 1073 910 1096 945 0
s 1100 923 1116 945 0
b 102 862 128 899 0
e 132 863 152 886 0
u 175 862 200 886 0
n 208 864 232 886 0
i 238 864 246 899 0
v 255 863 277 885 0
e 281 863 301 885 0
r 306 864 322 887 0
f 328 864 350 901 0
a 344 865 365 886 0
l 370 864 381 900 0
l 386 863 397 900 0
y 400 851 425 887 0
a 440 865 461 886 0
c 466 864 486 887 0
c 490 864 511 887 0
e 514 865 535 887 0
p 539 851 563 886 0
t 567 864 581 891 0
a 586 864 607 886 0
b 614 863 636 896 0
l 642 864 650 899 0
e 655 863 677 885 0
, 681 854 692 871 0
a 723 864 745 886 0
v 766 863 789 886 0
a 794 864 811 886 0
r 819 864 835 886 0
i 843 863 850 898 0
e 856 863 876 885 0
t 883 864 895 890 0
y 900 849 924 884 0
o 942 863 966 885 0
f 970 864 992 900 0
m 1007 864 1046 886 0
e 1051 864 1071 887 0
a 1075 864 1095 886 0
- 1099 870 1118 876 0
f 103 802 128 839 0
u 124 802 148 824 0
r 156 802 171 825 0
e 175 802 195 825 0
s 198 803 215 826 0
e 236 803 257 826 0
i 263 803 271 839 0
t 278 803 292 830 0
h 297 804 321 840 0
e 326 804 347 827 0
r 353 804 368 826 0
e 391 805 411 827 0
ﬁ 415 804 446 841 0
a 450 804 469 826 0
b 478 803 501 839 0
l 506 802 520 840 0
i 522 804 529 839 0
f 537 804 554 840 0
h 550 804 577 840 0
e 582 804 602 826 0
d 607 803 630 838 0
o 663 802 686 825 0
r 691 803 708 825 0
p 731 789 756 825 0
r 761 803 776 824 0
o 780 804 802 825 0
p 806 790 831 825 0
o 835 803 856 825 0
f 862 803 884 840 0
e 878 803 899 825 0
d 903 803 928 837 0
b 953 799 976 836 0
y 980 789 1004 824 0
g 1021 789 1044 824 0
e 1047 802 1067 825 0
n 1072 802 1097 825 0
- 1101 809 1119 813 0
t 106 740 120 768 0
l 125 741 135 777 0
e 140 740 160 763 0
m 166 740 202 762 0
e 208 741 228 764 0
n 232 741 259 763 0
w 282 742 319 764 0
h 326 742 350 777 0
o 354 742 378 764 0
h 395 743 420 778 0
a 424 742 441 764 0
v 452 741 477 763 0
e 480 741 500 765 0
l 524 744 533 779 0
a 539 742 560 765 0
b 567 742 589 777 0
o 593 742 616 765 0
u 621 742 644 765 0
r 653 742 669 765 0
e 673 742 693 765 0
d 697 741 721 777 0
i 746 741 755 776 0
n 762 741 786 764 0
t 806 742 819 770 0
h 824 742 848 777 0
e 853 741 873 764 0
f 897 742 920 777 0
a 915 741 935 763 0
m 942 740 980 763 0
e 985 741 1006 764 0
l 1024 741 1036 777 0
i 1042 741 1048 775 0
n 1055 741 1080 763 0
e 1086 741 1106 763 0
. 1110 741 1118 748 0
A 107 678 146 716 0
t 186 679 198 706 0
a 204 680 224 702 0
l 230 679 245 716 0
k 243 679 277 716 0
t 312 681 328 709 0
h 333 680 357 716 0
i 363 680 371 716 0
s 377 680 393 703 0
, 398 672 409 688 0
w 451 680 489 703 0
h 494 680 519 716 0
i 525 681 534 716 0
c 540 681 559 703 0
h 563 680 588 716 0
I 626 680 643 715 0
w 681 681 720 703 0
o 724 680 748 702 0
u 752 679 777 702 0
l 784 681 793 716 0
d 799 680 823 715 0
g 857 665 881 702 0
l 886 680 896 717 0
a 900 679 918 702 0
d 926 679 950 714 0
l 954 679 964 715 0
y 968 665 994 701 0
h 1017 678 1041 715 0
a 1047 679 1068 702 0
v 1073 678 1097 701 0
e 1100 678 1122 701 0
a 109 618 130 641 0
v 137 617 161 640 0
o 164 618 188 640 0
i 193 617 200 652 0
d 206 617 229 652 0
e 234 617 254 640 0
d 258 616 282 652 0
: 298 617 306 640 0
b 342 617 365 653 0
u 371 617 395 640 0
t 402 618 417 646 0
c 459 618 480 641 0
o 482 618 505 641 0
m 512 618 547 640 0
p 553 604 578 639 0
l 582 617 592 654 0
c 597 617 617 640 0
a 622 617 642 639 0
t 650 617 664 645 0
j 701 604 716 653 0
u 724 617 747 639 0
ﬁ 754 616 784 652 0
i 789 617 796 651 0
c 802 616 822 639 0
e 826 616 847 639 0
c 888 617 909 639 0
o 913 616 936 639 0
u 942 616 964 638 0
l 970 617 980 652 0
d 986 616 1010 651 0
n 1053 616 1078 639 0
o 1083 615 1105 639 0
t 1110 616 1125 644 0
o 108 556 133 579 0
t 139 556 151 584 0
h 155 555 178 591 0
e 184 555 205 578 0
r 210 556 226 578 0
w 231 555 269 578 0
i 278 556 285 591 0
l 293 556 307 593 0
e 303 556 331 593 0
h 354 556 377 592 0
a 385 555 405 579 0
v 412 555 434 577 0
e 439 556 460 578 0
b 486 556 508 590 0
e 513 556 532 577 0
e 537 555 557 577 0
n 563 555 587 577 0
d 611 554 633 589 0
o 639 554 661 577 0
n 665 554 689 577 0
e 696 554 717 577 0
t 741 554 755 581 0
o 759 553 783 576 0
t 805 555 818 582 0
h 823 553 848 590 0
e 853 553 874 576 0
p 908 540 934 576 0
l 938 553 947 590 0
a 953 553 973 576 0
n 979 554 1005 576 0
h 1030 554 1056 598 0
e 1059 554 1078 576 0
r 1084 554 1100 577 0
e 1103 554 1124 576 0
p 112 482 139 519 0
r 143 495 158 518 0
o 160 494 184 517 0
p 187 480 212 516 0
o 215 494 238 517 0
f 243 494 265 530 0
e 258 495 279 517 0
d 283 494 307 530 0
, 312 486 323 502 0
n 355 494 379 518 0
o 385 494 408 518 0
r 413 495 429 517 0
i 453 494 462 529 0
t 470 495 482 522 0
s 487 494 502 517 0
t 527 495 540 521 0
i 547 494 554 529 0
t 562 494 574 521 0
l 580 493 589 530 0
e 595 493 616 516 0
t 651 492 663 518 0
o 668 492 691 515 0
p 713 479 738 515 0
r 743 493 759 515 0
e 762 492 782 515 0
f 786 493 808 529 0
e 804 492 823 515 0
r 827 493 845 515 0
e 848 493 868 515 0
n 874 494 897 516 0
c 903 493 923 516 0
e 927 493 947 516 0
p 984 479 1010 515 0
l 1013 493 1024 530 0
a 1029 493 1049 515 0
c 1053 493 1073 516 0
e 1077 494 1096 517 0
d 1101 494 1126 529 0
i 114 434 124 469 0
n 130 433 156 456 0
: 175 432 185 454 0
1 181 432 195 454 0
f 219 432 242 469 0
a 237 432 257 454 0
t 264 432 277 459 0
i 283 432 291 467 0
s 297 432 312 455 0
f 317 433 338 469 0
a 336 433 353 454 0
é 362 431 385 466 0
t 383 431 398 466 0
o 403 433 425 455 0
r 430 432 445 455 0
y 447 418 473 453 0
p 493 418 517 453 0
o 520 431 542 454 0
i 548 430 556 466 0
n 563 430 587 453 0
t 593 431 607 459 0
o 625 430 648 452 0
f 652 430 674 466 0
v 690 429 713 451 0
i 720 430 728 465 0
e 734 430 755 452 0
w 760 430 798 453 0
. 803 431 811 438 0
A 873 430 912 467 0
m 917 430 955 453 0
o 960 430 983 454 0
n 986 430 1010 453 0
g 1017 416 1041 453 0
t 1058 431 1072 460 0
h 1076 431 1100 467 0
e 1106 430 1127 453 0
n 114 372 140 394 0
o 144 371 168 394 0
t 175 371 187 399 0
i 193 370 201 406 0
o 206 371 229 394 0
n 233 371 258 394 0
s 263 371 278 394 0
t 303 371 317 400 0
h 321 371 346 407 0
u 353 371 376 393 0
s 384 371 399 394 0
t 423 370 436 400 0
r 443 371 460 393 0
e 463 369 483 392 0
a 488 370 506 393 0
t 515 370 527 398 0
e 532 370 552 392 0
d 556 369 580 405 0
i 625 370 633 406 0
t 640 370 653 398 0
i 677 369 686 406 0
s 693 370 707 393 0
w 731 370 770 393 0
i 777 370 785 406 0
t 791 371 805 399 0
h 809 372 834 408 0
p 856 357 883 394 0
l 887 371 895 407 0
e 902 371 922 393 0
a 927 370 946 393 0
f 952 370 975 407 0
u 971 370 995 393 0
r 1001 370 1020 393 0
c 1022 370 1042 393 0
r 1065 371 1082 393 0
a 1085 370 1106 393 0
- 1110 377 1128 385 0
t 1040 309 1055 338 0
h 1059 309 1083 345 0
e 1088 307 1109 331 0
r 1111 307 1130 331 0
